This is the information for the stable diffusion labels for the confusion matrix!


Accuracy: 94.66%
tensor([[0.9537, 0.0000, 0.0091, 0.0091, 0.0020, 0.0000, 0.0000, 0.0020, 0.0201, 0.0040],
        [0.0030, 0.9724, 0.0000, 0.0000, 0.0000, 0.0000, 0.0010, 0.0000, 0.0030, 0.0207],
        [0.0175, 0.0000, 0.9195, 0.0087, 0.0155, 0.0145, 0.0145, 0.0078, 0.0019, 0.0000],
        [0.0040, 0.0000, 0.0162, 0.8755, 0.0192, 0.0648, 0.0111, 0.0030, 0.0051, 0.0010],
        [0.0011, 0.0000, 0.0116, 0.0053, 0.9610, 0.0021, 0.0074, 0.0084, 0.0021, 0.0011],
        [0.0010, 0.0000, 0.0100, 0.0431, 0.0130, 0.9269, 0.0030, 0.0030, 0.0000, 0.0000],
        [0.0028, 0.0000, 0.0104, 0.0113, 0.0047, 0.0000, 0.9688, 0.0000, 0.0000, 0.0019],
        [0.0040, 0.0000, 0.0040, 0.0040, 0.0141, 0.0060, 0.0000, 0.9647, 0.0030, 0.0000],
        [0.0157, 0.0052, 0.0031, 0.0052, 0.0000, 0.0000, 0.0000, 0.0000, 0.9686, 0.0021],
        [0.0078, 0.0284, 0.0000, 0.0039, 0.0000, 0.0000, 0.0000, 0.0000, 0.0049, 0.9549]])
tensor([ 994., 1013., 1031.,  988.,  948.,  998., 1059.,  992.,  956., 1021.])